34504
12488
18376
45256
39112
59080
39880
35784
49096
35016
46280
35528
10184
24008
17864
57288
19400
52168
46024
45768
50120
54728
33224
50120
23752
58056
3272
20680
28360
49352
30920
14792
27336
59592
60104
25288
46024
1224
63432
22984
45000
44744
24008
14792
7624
31688
61896
52936
43464
14536
55752
63944
48584
29640
64456
22216
39880
16072
46536
7624
43464
12232
53192
18120
3016
43976
44744
61896
30664
25800
51912
1224
17864
8648
25288
5832
50888
48840
28360
36040
55240
29640
54728
456
46792
22984
57544
60616
5320
10696
61128
31944
27592
18376
27336
51144
37320
200
64456
9416
36552
4296
64200
54728
43976
26824
10696
60104
52168
11976
41672
25032
65224
1224
3528
37576
21704
36296
5832
52168
61384
11720
8136
14280
23752
4552
12744
1224
9416
28872
14792
50376
40392
4296
29128
5320
1736
3016
7368
31944
54216
54216
30408
38856
18120
29896
60360
29896
16328
6600
34760
15304
21960
53960
44744
5320
9672
38088
3528
17608
60104
33480
53448
39368
20424
27336
5576
2504
33224
37832
41416
38600
34760
46792
53960
30152
54984
19144
54728
28360
8392
1224
6600
34504
28360
40904
1224
56520
28360
55752
58568
53704
3784
48840
10440
27592
18888
10440
53448
64712
16840
34760
8904
65224
36808
57032
40904
17096
55240
3784
13768
19144
40904
22472
46792
62408
25032
7368
35272
22216
57032
59080
41160
61896
46792
44232
43464
712
14024
21192
35272
13512
29128
28616
1736
32200
37576
21448
50120
18376
28872
18888
29384
52936
25544
6600
17864
51656
22472
53704
42440
19656
7880
50632
10184
60872
3016
54728
48328
9928
48328
61128
10440
64200
14280
54472
46536
56264
14792
7880
10440
52424
51912
33480
62664
50120
5576
21192
44744
20936
30664
18376
49608
33992
54984
32456
25544
3528
13512
49352
51144
40648
33736
1736
38088
38600
48072
15560
38856
57544
11208
18120
46280
6344
3272
16840
9160
61640
23752
3016
55752
54216
60104
1480
17352
51400
44488
6088
15048
39112
22984
62920
13512
13256
13512
41416
47048
20680
9928
13000
5320
21704
4296
54216
20936
30152
24520
3784
26568
8136
57800
19400
44744
38600
55240
37832
38344
57032
19400
39624
38600
55496
42184
64968
27080
44488
30664
51400
30920
28616
41160
15304
38088
65224
37576
52936
59080
10696
60360
29384
10440
5832
19656
6856
5576
58568
26568
31432
7624
36552
22984
3784
24264
5064
15304
24520
53448
54472
62408
33480
49096
15816
20680
57800
32712
42952
22472
16072
23496
32200
55240
62664
52936
40648
17608
32968
63176
968
49608
16840
17864
41672
32712
31944
31432
37576
18120
41928
53192
28616
20936
55240
29896
200
24520
43976
15816
6088
1992
11208
39112
47560
19656
7624
49608
32712
29128
34504
14792
15560
4040
28872
29896
57544
25800
60360
53704
40392
61128
21192
53448
18632
14536
53192
32968
456
62920
8648
14024
5832
19400
40392
33992
9672
29128
29640
27080
33224
31944
13256
50888
55240
30408
37064
4552
4808
45512
25544
19912
31688
23240
62408
15048
9672
20936
29640
51656
35016
14536
52424
53960
27848
52168
40392
2504
2504
28616
32968
12232
27848
3528
37064
34248
7368
8392
10440
34504
65224
3528
60872
54728
30408
46280
3784
30152
53192
17608
51912
14536
56776
21448
13256
31432
57544
11976
13000
3784
44232
28104
52424
31176
1992
52168
41928
24264
21448
13768
49352
15048
28104
8648
36808
21192
54472
8648
11208
59848
3784
47304
56520
46536
18376
27848
57288
38088
15560
7368
26056
31944
22472
38088
56776
45256
7112
24520
30408
15048
50120
56520
57544
38344
9928
38344
21448
43720
57032
52168
54216
65224
43464
22216
45768
10696
4040
44232
22216
35528
18120
16328
15816
14792
21192
3272
15816
15816
28872
28872
4552
65480
46536
16072
4552
65480
62408
4296
16840
50888
56520
56008
36296
7368
27336
50632
21448
31432
32456
15048
8904
49864
51144
15560
49864
11976
58824
64712
29896
34504
52936
42952
31432
38856
29128
33736
56008
57544
39624
15048
24776
36552
5832
30408
58056
43976
6088
44488
51144
37576
56008
16328
51912
42696
34504
48840
64712
17352
22728
36040
2248
62920
64968
44232
48072
59592
16328
53960
50376
41160
58568
48328
47304
60104
54216
50632
22984
5064
31176
47304
6088
22472
27592
58056
55240
40136
19912
27592
62664
25032
62152
59080
33736
61896
50376
9928
56520
56520
26568
21448
22216
42952
39368
16072
20936
50120
24008
62152
31432
48328
22728
36040
19144
46024
31688
19656
53448
3784
58056
60360
45512
28360
64712
12232
28104
57800
60872
48840
58312
23240
12488
12488
6344
24264
33224
26568
13512
65480
64200
9160
52680
3784
31944
53704
26824
36296
20680
42184
15816
25544
3784
59336
15304
21448
48840
37576
19656
12232
16072
7112
56008
18888
58568
36552
37576
11208
25544
57544
26824
35016
62408
33224
56264
29384
44232
12488
31432
52424
13256
5064
42952
968
39368
1992
39880
63944
32968
13768
43720
17096
32968
59080
51400
37832
51656
39112
19912
30664
2504
20680
62920
17608
37064
13256
11208
20168
45768
20680
34760
23240
27848
49608
38344
22216
19400
62152
55496
18376
35528
16584
3784
33480
31432
50888
46792
8136
10184
29640
53448
43976
14792
24776
58568
7624
6344
25032
17864
3016
21704
56264
38856
7880
17352
54728
36808
50376
60616
20936
64200
9416
9160
56520
456
22472
63176
25800
43976
54728
18632
19144
41928
11720
48328
47304
15560
64200
54728
13768
45768
4808
23496
30408
46024
200
200
30664
7624
46536
17352
52168
2760
31432
38344
12744
2760
10696
47816
26568
45000
40392
29640
17352
20424
26568
23240
65480
1480
49864
3528
54728
63944
51912
36552
52168
57800
59592
60104
53704
51400
37320
6600
2504
3784
12488
9928
26312
45512
24776
37064
30920
51912
24520
61384
34504
23496
49096
56008
57032
18376
24520
2504
27080
41672
39624
47048
33480
11208
48840
19144
2248
6088
49352
14024
45768
4552
11976
8136
41928
32456
25800
16072
16328
1480
968
1480
15560
20424
40904
1736
64712
3016
47304
4552
6856
14024
60616
40136
17352
39368
27336
26824
18376
37832
43720
25288
28616
6344
23752
51400
4808
64200
40648
36040
25544
26568
29128
64968
36296
46280
28360
42184
712
22728
46536
27848
4040
15560
10184
1992
46536
13000
54728
36040
46280
