200 126
456 -49
712 24
968 -61
1224 109
1480 101
1736 121
1992 49
2248 97
2504 114
2760 2
3016 -113
3272 27
3528 51
3784 85
4040 33
4296 30
4552 -32
4808 75
5064 71
5320 78
5576 -102
5832 20
6088 -108
6344 49
6600 -1
6856 14
7112 69
7368 65
7624 8
7880 37
8136 14
8392 118
8648 10
8904 115
9160 126
9416 95
9672 31
9928 90
10184 99
10440 92
10696 125
10952 92
11208 -70
11464 119
11720 -79
11976 4
12232 80
12488 112
12744 10
13000 114
13256 58
13512 73
13768 -119
14024 16
14280 -96
14536 14
14792 -101
15048 83
15304 114
15560 44
15816 88
16072 52
16328 -92
16584 118
16840 -123
17096 45
17352 -28
17608 56
17864 -40
18120 124
18376 -118
18632 119
18888 -126
19144 94
19400 -20
19656 84
19912 -60
20168 2
20424 -100
20680 4
20936 14
21192 22
21448 14
21704 103
21960 38
22216 115
22472 4
22728 84
22984 86
23240 111
23496 -53
23752 106
24008 86
24264 69
24520 109
24776 16
25032 48
25288 32
25544 65
25800 20
26056 56
26312 76
26568 42
26824 101
27080 -63
27336 4
27592 43
27848 114
28104 80
28360 91
28616 -61
28872 41
29128 -23
29384 76
29640 51
29896 11
30152 102
30408 103
30664 84
30920 118
31176 87
31432 27
31688 21
31944 123
32200 -23
32456 38
32712 97
32968 87
33224 -72
33480 35
33736 32
33992 26
34248 -3
34504 49
34760 -58
35016 90
35272 -3
35528 69
35784 87
36040 23
36296 -100
36552 25
36808 53
37064 53
37320 10
37576 50
37832 21
38088 25
38344 44
38600 24
38856 -86
39112 105
39368 -110
39624 17
39880 -36
40136 98
40392 -49
40648 37
40904 -88
41160 93
41416 -110
41672 20
41928 100
42184 105
42440 67
42696 22
42952 105
43208 6
43464 18
43720 30
43976 -109
44232 2
44488 74
44744 69
45000 -49
45256 122
45512 78
45768 99
46024 -38
46280 115
46536 115
46792 46
47048 0
47304 27
47560 40
47816 11
48072 111
48328 33
48584 -60
48840 6
49096 -111
49352 54
49608 -73
49864 75
50120 -60
50376 39
50632 -45
50888 103
51144 113
51400 29
51656 51
51912 8
52168 -51
52424 118
52680 95
52936 109
53192 -9
53448 74
53704 -73
53960 121
54216 83
54472 123
54728 44
54984 84
55240 -87
55496 2
55752 -2
56008 70
56264 7
56520 58
56776 -78
57032 23
57288 66
57544 112
57800 -126
58056 37
58312 -89
58568 114
58824 118
59080 15
59336 22
59592 78
59848 -44
60104 126
60360 -126
60616 53
60872 116
61128 26
61384 32
61640 117
61896 -98
62152 14
62408 -9
62664 20
62920 -83
63176 54
63432 87
63688 15
63944 9
64200 119
64456 121
64712 51
64968 -125
65224 33
65480 -114
